marketing.swf Movie Report
---------------------------

Frame #    Frame Bytes    Total Bytes    Scene
-------    -----------    -----------    ----------------
      1          31555          31555    Scene 1 (AS 2.0 Classes Export Frame)
      2             19          31574    
      3              1          31575    
      4            138          31713    
      5             53          31766    
      6             10          31776    
      7             10          31786    
      8             10          31796    
      9             10          31806    
     10             10          31816    
     11             10          31826    
     12             10          31836    
     13             10          31846    
     14             10          31856    
     15             10          31866    
     16             10          31876    
     17             10          31886    
     18             10          31896    
     19             10          31906    
     20             10          31916    
     21             10          31926    
     22              1          31927    
     23              1          31928    
     24              1          31929    
     25              1          31930    
     26              1          31931    
     27              1          31932    
     28              1          31933    
     29              1          31934    
     30              1          31935    
     31              1          31936    
     32              1          31937    
     33              1          31938    
     34              1          31939    
     35              1          31940    
     36              1          31941    
     37              1          31942    
     38              1          31943    
     39              1          31944    
     40              1          31945    
     41              1          31946    
     42              1          31947    
     43              1          31948    
     44              1          31949    
     45              1          31950    
     46              1          31951    
     47             34          31985    
     48              1          31986    
     49              1          31987    
     50              1          31988    
     51              1          31989    
     52              1          31990    
     53              1          31991    
     54              1          31992    
     55              1          31993    
     56              1          31994    
     57              1          31995    
     58              1          31996    
     59              1          31997    
     60              1          31998    
     61              1          31999    
     62              1          32000    
     63              1          32001    
     64              1          32002    
     65              1          32003    
     66              1          32004    
     67              1          32005    
     68              1          32006    
     69              1          32007    
     70              1          32008    
     71              1          32009    
     72              1          32010    
     73              1          32011    
     74              1          32012    
     75              1          32013    
     76              1          32014    
     77              1          32015    
     78              1          32016    
     79              1          32017    
     80              1          32018    
     81              1          32019    
     82              1          32020    
     83              1          32021    
     84              1          32022    
     85              1          32023    
     86              1          32024    
     87              1          32025    
     88              1          32026    
     89              1          32027    
     90              1          32028    
     91              1          32029    
     92              1          32030    
     93              1          32031    
     94              1          32032    
     95              1          32033    
     96              1          32034    
     97              1          32035    
     98              1          32036    
     99              1          32037    
    100              1          32038    
    101              1          32039    
    102              1          32040    
    103              1          32041    
    104              1          32042    
    105              1          32043    
    106              1          32044    
    107              1          32045    
    108              1          32046    
    109              1          32047    
    110              1          32048    
    111              1          32049    
    112              1          32050    
    113              1          32051    
    114              1          32052    
    115              1          32053    
    116              1          32054    
    117              1          32055    
    118              1          32056    
    119              1          32057    
    120              1          32058    
    121              1          32059    
    122              1          32060    
    123              1          32061    
    124              1          32062    
    125              1          32063    
    126              1          32064    
    127              1          32065    
    128              1          32066    
    129              1          32067    
    130              1          32068    
    131              1          32069    
    132              1          32070    
    133              1          32071    
    134              1          32072    
    135              1          32073    
    136              1          32074    
    137              1          32075    
    138              1          32076    
    139              1          32077    
    140              1          32078    
    141              1          32079    
    142              1          32080    
    143              1          32081    
    144              1          32082    
    145              1          32083    
    146              1          32084    
    147              1          32085    
    148              1          32086    
    149              1          32087    
    150              1          32088    
    151              1          32089    
    152              1          32090    
    153              1          32091    
    154              1          32092    
    155              1          32093    
    156              1          32094    
    157              1          32095    
    158              1          32096    
    159              1          32097    
    160              1          32098    
    161              1          32099    
    162              1          32100    
    163              1          32101    
    164              1          32102    
    165              1          32103    
    166              1          32104    
    167              1          32105    
    168              1          32106    
    169              1          32107    
    170              1          32108    
    171              1          32109    
    172              1          32110    
    173              1          32111    
    174              1          32112    
    175              1          32113    
    176              1          32114    
    177              1          32115    
    178              1          32116    
    179              1          32117    
    180              1          32118    
    181              1          32119    
    182              1          32120    
    183              1          32121    
    184              1          32122    
    185              1          32123    
    186              1          32124    
    187              1          32125    
    188              1          32126    
    189              1          32127    
    190              1          32128    
    191              1          32129    
    192              1          32130    
    193              1          32131    
    194              1          32132    
    195              1          32133    
    196              1          32134    
    197              1          32135    
    198              1          32136    
    199              1          32137    
    200              1          32138    
    201              1          32139    
    202              1          32140    
    203              1          32141    
    204              1          32142    
    205              1          32143    
    206              1          32144    
    207              1          32145    
    208              1          32146    
    209              1          32147    
    210              1          32148    
    211              1          32149    
    212              1          32150    
    213              1          32151    
    214              1          32152    
    215              1          32153    
    216              1          32154    
    217              1          32155    
    218              1          32156    
    219              1          32157    
    220              1          32158    
    221              1          32159    
    222              1          32160    
    223              1          32161    
    224              1          32162    
    225              1          32163    
    226              1          32164    
    227              1          32165    
    228             18          32183    
    229            158          32341    
    230            210          32551    
    231              1          32552    
    232              1          32553    
    233              1          32554    
    234              1          32555    
    235              1          32556    
    236              1          32557    
    237              1          32558    
    238              1          32559    
    239              1          32560    
    240              1          32561    
    241              1          32562    
    242              1          32563    
    243              1          32564    
    244              1          32565    
    245              1          32566    
    246              1          32567    
    247              1          32568    
    248              1          32569    
    249              1          32570    
    250              1          32571    
    251              1          32572    
    252              1          32573    
    253              1          32574    
    254              1          32575    
    255              1          32576    
    256            111          32687    
    257             13          32700    
    258              1          32701    
    259            164          32865    
    260             48          32913    
    261              1          32914    
    262              1          32915    
    263              1          32916    
    264              1          32917    
    265              1          32918    
    266              1          32919    
    267              1          32920    
    268              1          32921    
    269              1          32922    
    270              1          32923    
    271              1          32924    
    272              1          32925    
    273              1          32926    
    274              1          32927    
    275              1          32928    
    276              1          32929    
    277              1          32930    
    278              1          32931    
    279              1          32932    
    280              1          32933    
    281              1          32934    
    282              1          32935    
    283              1          32936    
    284              1          32937    
    285             34          32971    
    286              1          32972    
    287              1          32973    
    288              1          32974    
    289              1          32975    
    290              1          32976    
    291              1          32977    
    292              1          32978    
    293              1          32979    
    294              1          32980    
    295              1          32981    
    296              1          32982    
    297              1          32983    
    298              1          32984    
    299              1          32985    
    300              1          32986    
    301              1          32987    
    302              1          32988    
    303              1          32989    
    304              1          32990    
    305              1          32991    
    306              1          32992    
    307              1          32993    
    308              1          32994    
    309              1          32995    
    310              1          32996    
    311              1          32997    
    312              1          32998    
    313              1          32999    
    314              1          33000    
    315              1          33001    
    316              1          33002    
    317              1          33003    
    318              1          33004    
    319              1          33005    
    320              1          33006    
    321              1          33007    
    322              1          33008    
    323              1          33009    
    324              1          33010    
    325              1          33011    
    326              1          33012    
    327              1          33013    
    328              1          33014    
    329              1          33015    
    330              1          33016    
    331              1          33017    
    332              1          33018    
    333              1          33019    
    334              1          33020    
    335              1          33021    
    336              1          33022    
    337              1          33023    
    338              1          33024    
    339              1          33025    
    340              1          33026    
    341              1          33027    
    342              1          33028    
    343              1          33029    
    344              1          33030    
    345              1          33031    
    346              1          33032    
    347              1          33033    
    348              1          33034    
    349              1          33035    
    350              1          33036    
    351              1          33037    
    352              1          33038    
    353              1          33039    
    354              1          33040    
    355              1          33041    
    356              1          33042    
    357              1          33043    
    358              1          33044    
    359              1          33045    
    360              1          33046    
    361              1          33047    
    362              1          33048    
    363              1          33049    
    364              1          33050    
    365              1          33051    
    366              1          33052    
    367              1          33053    
    368              1          33054    
    369              1          33055    
    370              1          33056    
    371              1          33057    
    372              1          33058    
    373              1          33059    
    374              1          33060    
    375              1          33061    
    376              1          33062    
    377              1          33063    
    378              1          33064    
    379              1          33065    
    380              1          33066    
    381              1          33067    
    382              1          33068    
    383              1          33069    
    384              1          33070    
    385              1          33071    
    386              1          33072    
    387              1          33073    
    388              1          33074    
    389              1          33075    
    390              1          33076    
    391              1          33077    
    392              1          33078    
    393              1          33079    
    394              1          33080    
    395              1          33081    
    396              1          33082    
    397              1          33083    
    398              1          33084    
    399              1          33085    
    400              1          33086    
    401              1          33087    
    402              1          33088    
    403              1          33089    
    404              1          33090    
    405              1          33091    
    406              1          33092    
    407              1          33093    
    408              1          33094    
    409              1          33095    
    410              1          33096    
    411              1          33097    
    412              1          33098    
    413              1          33099    
    414              1          33100    
    415              1          33101    
    416              1          33102    
    417              1          33103    
    418              1          33104    
    419              1          33105    
    420              1          33106    
    421              1          33107    
    422              1          33108    
    423              1          33109    
    424              1          33110    
    425              1          33111    
    426              1          33112    
    427              1          33113    
    428              1          33114    
    429              1          33115    
    430              1          33116    
    431            158          33274    

Scene                        Shape Bytes    Text Bytes    ActionScript Bytes
-------------------------    -----------    ----------    ------------------
Scene 1                                0             0                  2808

Symbol                       Shape Bytes    Text Bytes    ActionScript Bytes
-------------------------    -----------    ----------    ------------------
frame_box                             34             0                     0
box                                   47             0                     0
link                                   0             0                    19
textRightLink                          0            52                     0
textLeftLink                           0            55                     0
textLink                               0            44                     0
arrow                                 34             0                     0
story                                  0             0                     3
button                                29             0                     0
line                                  49             0                     0
frame                                184             0                     0
bgFaderOut                             0             0                   159
bgFaderIn                              0             0                     0
tagline                                0             0                     0
textTagline                            0            59                     0
textQuote                              0           143                     0
textName                               0            44                     0
bg                                     0             0                     0

Font Name                 Bytes        Characters    
----------------------    ---------    --------------
Verdana Bold                     19    
Times New Roman                9954     !"#$%&'()*+,-./0123456789:;<=>?@ABCDEFGHIJKLMNOPQRSTUVWXYZ[\]^_`abcdefghijklmnopqrstuvwxyz{|}~ˆ˜–—‘’‚“”„†‡•…‰‹›€™
Verdana                        7094     !"#$%&'()*+,-./0123456789:;<=>?@ABCDEFGHIJKLMNOPQRSTUVWXYZ[\]^_`abcdefghijklmnopqrstuvwxyz{|}~ˆ˜–—‘’‚“”„†‡•…‰‹›€™
Times New Roman Bold Italic    10260     !"#$%&'()*+,-./0123456789:;<=>?@ABCDEFGHIJKLMNOPQRSTUVWXYZ[\]^_`abcdefghijklmnopqrstuvwxyz{|}~ˆ˜–—‘’‚“”„†‡•…‰‹›€™

ActionScript Bytes    Location
------------------    --------
              1846    Scene 1:actionscript:1
                72    Scene 1:nextbackground:1:nextBgClip(bg)
                82    Scene 1:currentbackground:1:currentBgClip(bg)
                 1    story:actions:1
                 1    story:actions:18
                 1    story:actions:34
                19    link:button:1:btnLink(button)
               132    Scene 1:actionscript:4
                30    Scene 1:actionscript:5
                28    Scene 1:actionscript:47
               151    Scene 1:actionscript:229
                44    bgFaderOut:Layer 1:1
               115    bgFaderOut:Layer 1:2
               101    Scene 1:actionscript:256
               157    Scene 1:actionscript:259
                30    Scene 1:actionscript:260
                28    Scene 1:actionscript:285
               151    Scene 1:actionscript:431




